run app
python DistributedDistanceVector.py InitialTopology.txt events.txt [flag]

limitation:
the routing algorithm that I implemented has dilemma, that when use split-horizon algorithm, some routers
can be not updated all the time. It has old information but converges.

sample output for flag 0

###########################################################################
###########################################################################
###########################################################################
Round 49
Routing table at router 1
 0,0     3,51    2,1     3,1
-1,inf   1,0    -1,inf  -1,inf
 0,1     0,52    2,0     0,2
 0,1     1,50    0,2     3,0
-- -- -- -- --
Routing table at router 2
 0,0    -1,inf  -1,inf  -1,inf
 3,51    1,0     3,52    3,50
 0,1     0,52    2,0     0,2
 0,1     1,50    0,2     3,0
-- -- -- -- --
Routing table at router 3
 0,0     3,51    2,1     3,1
 3,51    1,0     3,52    3,50
 0,1     0,52    2,0     0,2
 0,1     1,50    0,2     3,0
-- -- -- -- --
Routing table at router 4
 0,0     3,51    2,1     3,1
 3,51    1,0     3,52    3,50
 0,1     0,52    2,0     0,2
 0,1     1,50    0,2     3,0
-- -- -- -- --

## ## ## ## ##

converge delay 48
###########################################################################
###########################################################################
###########################################################################
Round 4
Routing table at router 1
 0,0     3,8     2,1     3,1
-1,inf   1,0    -1,inf  -1,inf
-1,inf   3,9     2,0     3,3
-1,inf   2,7     2,3     3,0
-- -- -- -- --
Routing table at router 2
 0,0    -1,inf  -1,inf  -1,inf
 3,51    1,0     3,52    3,50
 0,1     3,9     2,0     0,2
 0,1     0,6     0,2     3,0
-- -- -- -- --
Routing table at router 3
 0,0     3,8    -1,inf   3,1
 3,51    1,0     3,52    3,50
 0,1     3,9     2,0     0,2
 0,1     0,6     0,2     3,0
-- -- -- -- --
Routing table at router 4
 0,0     2,5     2,1    -1,inf
 2,5     1,0     2,4     2,7
 0,1     1,4     2,0     0,2
 0,1     0,6     0,2     3,0
-- -- -- -- --

## ## ## ## ##

converge delay 3
###########################################################################
###########################################################################
###########################################################################
Round 32
Routing table at router 1
 0,0     3,51    2,1     3,1
-1,inf   1,0    -1,inf  -1,inf
-1,inf  -1,inf   2,0    -1,inf
-1,inf   1,50   -1,inf   3,0
-- -- -- -- --
Routing table at router 2
 0,0    -1,inf  -1,inf  -1,inf
 3,51    1,0     3,52    3,50
 0,1     0,52    2,0     0,2
 0,1    -1,inf   0,2     3,0
-- -- -- -- --
Routing table at router 3
 0,0     3,51   -1,inf   3,1
 3,51    1,0     3,52    3,50
 0,1     0,52    2,0     0,2
 0,1     1,50    0,2     3,0
-- -- -- -- --
Routing table at router 4
 0,0    -1,inf   2,1    -1,inf
-1,inf   1,0    -1,inf  -1,inf
 0,1     0,52    2,0     0,2
 0,1     1,50    0,2     3,0
-- -- -- -- --

## ## ## ## ##

converge delay 31





sample output for flag 1

###########################################################################
###########################################################################
###########################################################################
Round 0
Routing table at router 1
 0,0    -1,inf   2,1     3,1
-1,inf   1,0    -1,inf  -1,inf
-1,inf  -1,inf   2,0    -1,inf
-1,inf  -1,inf  -1,inf   3,0
-- -- -- -- --
Routing table at router 2
 0,0    -1,inf  -1,inf  -1,inf
-1,inf   1,0     2,4     3,50
-1,inf  -1,inf   2,0    -1,inf
-1,inf  -1,inf  -1,inf   3,0
-- -- -- -- --
Routing table at router 3
 0,0    -1,inf  -1,inf  -1,inf
-1,inf   1,0    -1,inf  -1,inf
 0,1     1,4     2,0     3,3
-1,inf  -1,inf  -1,inf   3,0
-- -- -- -- --
Routing table at router 4
 0,0    -1,inf  -1,inf  -1,inf
-1,inf   1,0    -1,inf  -1,inf
-1,inf  -1,inf   2,0    -1,inf
 0,1     1,50    2,3     3,0
-- -- -- -- --

## ## ## ## ##

Round 1
Routing table at router 1
 0,0     2,5     2,1     3,1
-1,inf   1,0    -1,inf  -1,inf
 0,1     1,4     2,0     3,3
 0,1     1,50    2,3     3,0
-- -- -- -- --
Routing table at router 2
 0,0    -1,inf  -1,inf  -1,inf
 2,5     1,0     2,4     2,7
 0,1     1,4     2,0     3,3
 0,1     1,50    2,3     3,0
-- -- -- -- --
Routing table at router 3
 0,0    -1,inf   2,1     3,1
-1,inf   1,0     2,4     3,50
 0,1     1,4     2,0     0,2
 0,1     1,50    2,3     3,0
-- -- -- -- --
Routing table at router 4
 0,0    -1,inf   2,1     3,1
-1,inf   1,0     2,4     3,50
 0,1     1,4     2,0     3,3
 0,1     2,7     0,2     3,0
-- -- -- -- --

## ## ## ## ##

Round 2
Routing table at router 1
 0,0     2,5     2,1     3,1
-1,inf   1,0    -1,inf  -1,inf
 0,1     1,4     2,0     0,2
 0,1     2,7     0,2     3,0
-- -- -- -- --
Routing table at router 2
 0,0    -1,inf  -1,inf  -1,inf
 3,51    1,0     3,52    3,50
 0,1     1,4     2,0     0,2
 0,1     2,7     0,2     3,0
-- -- -- -- --
Routing table at router 3
 0,0     2,5     2,1     3,1
 2,5     1,0     2,4     2,7
 0,1     0,6     2,0     0,2
 0,1     2,7     0,2     3,0
-- -- -- -- --
Routing table at router 4
 0,0     2,5     2,1     3,1
 2,5     1,0     2,4     2,7
 0,1     1,4     2,0     0,2
 0,1     0,6     0,2     3,0
-- -- -- -- --

## ## ## ## ##

Round 3
Routing table at router 1
 0,0     3,7     2,1     3,1
-1,inf   1,0    -1,inf  -1,inf
 0,1     0,6     2,0     0,2
 0,1     0,6     0,2     3,0
-- -- -- -- --
Routing table at router 2
 0,0    -1,inf  -1,inf  -1,inf
 3,51    1,0     3,52    3,50
 0,1     0,6     2,0     0,2
 0,1     0,6     0,2     3,0
-- -- -- -- --
Routing table at router 3
 0,0     2,5     2,1     3,1
 3,51    1,0     3,52    3,50
 0,1     0,6     2,0     0,2
 0,1     0,6     0,2     3,0
-- -- -- -- --
Routing table at router 4
 0,0     2,5     2,1     3,1
 3,51    1,0     3,52    3,50
 0,1     0,6     2,0     0,2
 0,1     0,6     0,2     3,0
-- -- -- -- --

## ## ## ## ##

Round 4
Routing table at router 1
 0,0     3,7     2,1     3,1
-1,inf   1,0    -1,inf  -1,inf
 0,1     0,6     2,0     0,2
 0,1     0,6     0,2     3,0
-- -- -- -- --
Routing table at router 2
 0,0    -1,inf  -1,inf  -1,inf
 3,51    1,0     3,52    3,50
 0,1     0,6     2,0     0,2
 0,1     0,6     0,2     3,0
-- -- -- -- --
Routing table at router 3
 0,0     3,7     2,1     3,1
 3,51    1,0     3,52    3,50
 0,1     0,8     2,0     0,2
 0,1     0,6     0,2     3,0
-- -- -- -- --
Routing table at router 4
 0,0     3,7     2,1     3,1
 3,51    1,0     3,52    3,50
 0,1     0,6     2,0     0,2
 0,1     0,8     0,2     3,0
-- -- -- -- --

## ## ## ## ##

Round 5
Routing table at router 1
 0,0     3,9     2,1     3,1
-1,inf   1,0    -1,inf  -1,inf
 0,1     0,8     2,0     0,2
 0,1     0,8     0,2     3,0
-- -- -- -- --
Routing table at router 2
 0,0    -1,inf  -1,inf  -1,inf
 3,51    1,0     3,52    3,50
 0,1     0,8     2,0     0,2
 0,1     0,8     0,2     3,0
-- -- -- -- --
Routing table at router 3
 0,0     3,7     2,1     3,1
 3,51    1,0     3,52    3,50
 0,1     0,8     2,0     0,2
 0,1     0,8     0,2     3,0
-- -- -- -- --
Routing table at router 4
 0,0     3,7     2,1     3,1
 3,51    1,0     3,52    3,50
 0,1     0,8     2,0     0,2
 0,1     0,8     0,2     3,0
-- -- -- -- --

## ## ## ## ##

Round 6
Routing table at router 1
 0,0     3,9     2,1     3,1
-1,inf   1,0    -1,inf  -1,inf
 0,1     0,8     2,0     0,2
 0,1     0,8     0,2     3,0
-- -- -- -- --
Routing table at router 2
 0,0    -1,inf  -1,inf  -1,inf
 3,51    1,0     3,52    3,50
 0,1     0,8     2,0     0,2
 0,1     0,8     0,2     3,0
-- -- -- -- --
Routing table at router 3
 0,0     3,9     2,1     3,1
 3,51    1,0     3,52    3,50
 0,1     0,10    2,0     0,2
 0,1     0,8     0,2     3,0
-- -- -- -- --
Routing table at router 4
 0,0     3,9     2,1     3,1
 3,51    1,0     3,52    3,50
 0,1     0,8     2,0     0,2
 0,1     0,10    0,2     3,0
-- -- -- -- --

## ## ## ## ##

Round 7
Routing table at router 1
 0,0     3,11    2,1     3,1
-1,inf   1,0    -1,inf  -1,inf
 0,1     0,10    2,0     0,2
 0,1     0,10    0,2     3,0
-- -- -- -- --
Routing table at router 2
 0,0    -1,inf  -1,inf  -1,inf
 3,51    1,0     3,52    3,50
 0,1     0,10    2,0     0,2
 0,1     0,10    0,2     3,0
-- -- -- -- --
Routing table at router 3
 0,0     3,9     2,1     3,1
 3,51    1,0     3,52    3,50
 0,1     0,10    2,0     0,2
 0,1     0,10    0,2     3,0
-- -- -- -- --
Routing table at router 4
 0,0     3,9     2,1     3,1
 3,51    1,0     3,52    3,50
 0,1     0,10    2,0     0,2
 0,1     0,10    0,2     3,0
-- -- -- -- --

## ## ## ## ##

Round 8
Routing table at router 1
 0,0     3,11    2,1     3,1
-1,inf   1,0    -1,inf  -1,inf
 0,1     0,10    2,0     0,2
 0,1     0,10    0,2     3,0
-- -- -- -- --
Routing table at router 2
 0,0    -1,inf  -1,inf  -1,inf
 3,51    1,0     3,52    3,50
 0,1     0,10    2,0     0,2
 0,1     0,10    0,2     3,0
-- -- -- -- --
Routing table at router 3
 0,0     3,11    2,1     3,1
 3,51    1,0     3,52    3,50
 0,1     0,12    2,0     0,2
 0,1     0,10    0,2     3,0
-- -- -- -- --
Routing table at router 4
 0,0     3,11    2,1     3,1
 3,51    1,0     3,52    3,50
 0,1     0,10    2,0     0,2
 0,1     0,12    0,2     3,0
-- -- -- -- --

## ## ## ## ##

Round 9
Routing table at router 1
 0,0     3,13    2,1     3,1
-1,inf   1,0    -1,inf  -1,inf
 0,1     0,12    2,0     0,2
 0,1     0,12    0,2     3,0
-- -- -- -- --
Routing table at router 2
 0,0    -1,inf  -1,inf  -1,inf
 3,51    1,0     3,52    3,50
 0,1     0,12    2,0     0,2
 0,1     0,12    0,2     3,0
-- -- -- -- --
Routing table at router 3
 0,0     3,11    2,1     3,1
 3,51    1,0     3,52    3,50
 0,1     0,12    2,0     0,2
 0,1     0,12    0,2     3,0
-- -- -- -- --
Routing table at router 4
 0,0     3,11    2,1     3,1
 3,51    1,0     3,52    3,50
 0,1     0,12    2,0     0,2
 0,1     0,12    0,2     3,0
-- -- -- -- --

## ## ## ## ##

Round 10
Routing table at router 1
 0,0     3,13    2,1     3,1
-1,inf   1,0    -1,inf  -1,inf
 0,1     0,12    2,0     0,2
 0,1     0,12    0,2     3,0
-- -- -- -- --
Routing table at router 2
 0,0    -1,inf  -1,inf  -1,inf
 3,51    1,0     3,52    3,50
 0,1     0,12    2,0     0,2
 0,1     0,12    0,2     3,0
-- -- -- -- --
Routing table at router 3
 0,0     3,13    2,1     3,1
 3,51    1,0     3,52    3,50
 0,1     0,14    2,0     0,2
 0,1     0,12    0,2     3,0
-- -- -- -- --
Routing table at router 4
 0,0     3,13    2,1     3,1
 3,51    1,0     3,52    3,50
 0,1     0,12    2,0     0,2
 0,1     0,14    0,2     3,0
-- -- -- -- --

## ## ## ## ##

Round 11
Routing table at router 1
 0,0     3,15    2,1     3,1
-1,inf   1,0    -1,inf  -1,inf
 0,1     0,14    2,0     0,2
 0,1     0,14    0,2     3,0
-- -- -- -- --
Routing table at router 2
 0,0    -1,inf  -1,inf  -1,inf
 3,51    1,0     3,52    3,50
 0,1     0,14    2,0     0,2
 0,1     0,14    0,2     3,0
-- -- -- -- --
Routing table at router 3
 0,0     3,13    2,1     3,1
 3,51    1,0     3,52    3,50
 0,1     0,14    2,0     0,2
 0,1     0,14    0,2     3,0
-- -- -- -- --
Routing table at router 4
 0,0     3,13    2,1     3,1
 3,51    1,0     3,52    3,50
 0,1     0,14    2,0     0,2
 0,1     0,14    0,2     3,0
-- -- -- -- --

## ## ## ## ##

Round 12
Routing table at router 1
 0,0     3,15    2,1     3,1
-1,inf   1,0    -1,inf  -1,inf
 0,1     0,14    2,0     0,2
 0,1     0,14    0,2     3,0
-- -- -- -- --
Routing table at router 2
 0,0    -1,inf  -1,inf  -1,inf
 3,51    1,0     3,52    3,50
 0,1     0,14    2,0     0,2
 0,1     0,14    0,2     3,0
-- -- -- -- --
Routing table at router 3
 0,0     3,15    2,1     3,1
 3,51    1,0     3,52    3,50
 0,1     0,16    2,0     0,2
 0,1     0,14    0,2     3,0
-- -- -- -- --
Routing table at router 4
 0,0     3,15    2,1     3,1
 3,51    1,0     3,52    3,50
 0,1     0,14    2,0     0,2
 0,1     0,16    0,2     3,0
-- -- -- -- --

## ## ## ## ##

Round 13
Routing table at router 1
 0,0     3,17    2,1     3,1
-1,inf   1,0    -1,inf  -1,inf
 0,1     0,16    2,0     0,2
 0,1     0,16    0,2     3,0
-- -- -- -- --
Routing table at router 2
 0,0    -1,inf  -1,inf  -1,inf
 3,51    1,0     3,52    3,50
 0,1     0,16    2,0     0,2
 0,1     0,16    0,2     3,0
-- -- -- -- --
Routing table at router 3
 0,0     3,15    2,1     3,1
 3,51    1,0     3,52    3,50
 0,1     0,16    2,0     0,2
 0,1     0,16    0,2     3,0
-- -- -- -- --
Routing table at router 4
 0,0     3,15    2,1     3,1
 3,51    1,0     3,52    3,50
 0,1     0,16    2,0     0,2
 0,1     0,16    0,2     3,0
-- -- -- -- --

## ## ## ## ##

Round 14
Routing table at router 1
 0,0     3,17    2,1     3,1
-1,inf   1,0    -1,inf  -1,inf
 0,1     0,16    2,0     0,2
 0,1     0,16    0,2     3,0
-- -- -- -- --
Routing table at router 2
 0,0    -1,inf  -1,inf  -1,inf
 3,51    1,0     3,52    3,50
 0,1     0,16    2,0     0,2
 0,1     0,16    0,2     3,0
-- -- -- -- --
Routing table at router 3
 0,0     3,17    2,1     3,1
 3,51    1,0     3,52    3,50
 0,1     0,18    2,0     0,2
 0,1     0,16    0,2     3,0
-- -- -- -- --
Routing table at router 4
 0,0     3,17    2,1     3,1
 3,51    1,0     3,52    3,50
 0,1     0,16    2,0     0,2
 0,1     0,18    0,2     3,0
-- -- -- -- --

## ## ## ## ##

Round 15
Routing table at router 1
 0,0     3,19    2,1     3,1
-1,inf   1,0    -1,inf  -1,inf
 0,1     0,18    2,0     0,2
 0,1     0,18    0,2     3,0
-- -- -- -- --
Routing table at router 2
 0,0    -1,inf  -1,inf  -1,inf
 3,51    1,0     3,52    3,50
 0,1     0,18    2,0     0,2
 0,1     0,18    0,2     3,0
-- -- -- -- --
Routing table at router 3
 0,0     3,17    2,1     3,1
 3,51    1,0     3,52    3,50
 0,1     0,18    2,0     0,2
 0,1     0,18    0,2     3,0
-- -- -- -- --
Routing table at router 4
 0,0     3,17    2,1     3,1
 3,51    1,0     3,52    3,50
 0,1     0,18    2,0     0,2
 0,1     0,18    0,2     3,0
-- -- -- -- --

## ## ## ## ##

Round 16
Routing table at router 1
 0,0     3,19    2,1     3,1
-1,inf   1,0    -1,inf  -1,inf
 0,1     0,18    2,0     0,2
 0,1     0,18    0,2     3,0
-- -- -- -- --
Routing table at router 2
 0,0    -1,inf  -1,inf  -1,inf
 3,51    1,0     3,52    3,50
 0,1     0,18    2,0     0,2
 0,1     0,18    0,2     3,0
-- -- -- -- --
Routing table at router 3
 0,0     3,19    2,1     3,1
 3,51    1,0     3,52    3,50
 0,1     0,20    2,0     0,2
 0,1     0,18    0,2     3,0
-- -- -- -- --
Routing table at router 4
 0,0     3,19    2,1     3,1
 3,51    1,0     3,52    3,50
 0,1     0,18    2,0     0,2
 0,1     0,20    0,2     3,0
-- -- -- -- --

## ## ## ## ##

Round 17
Routing table at router 1
 0,0     3,21    2,1     3,1
-1,inf   1,0    -1,inf  -1,inf
 0,1     0,20    2,0     0,2
 0,1     0,20    0,2     3,0
-- -- -- -- --
Routing table at router 2
 0,0    -1,inf  -1,inf  -1,inf
 3,51    1,0     3,52    3,50
 0,1     0,20    2,0     0,2
 0,1     0,20    0,2     3,0
-- -- -- -- --
Routing table at router 3
 0,0     3,19    2,1     3,1
 3,51    1,0     3,52    3,50
 0,1     0,20    2,0     0,2
 0,1     0,20    0,2     3,0
-- -- -- -- --
Routing table at router 4
 0,0     3,19    2,1     3,1
 3,51    1,0     3,52    3,50
 0,1     0,20    2,0     0,2
 0,1     0,20    0,2     3,0
-- -- -- -- --

## ## ## ## ##

Round 18
Routing table at router 1
 0,0     3,21    2,1     3,1
-1,inf   1,0    -1,inf  -1,inf
 0,1     0,20    2,0     0,2
 0,1     0,20    0,2     3,0
-- -- -- -- --
Routing table at router 2
 0,0    -1,inf  -1,inf  -1,inf
 3,51    1,0     3,52    3,50
 0,1     0,20    2,0     0,2
 0,1     0,20    0,2     3,0
-- -- -- -- --
Routing table at router 3
 0,0     3,21    2,1     3,1
 3,51    1,0     3,52    3,50
 0,1     0,22    2,0     0,2
 0,1     0,20    0,2     3,0
-- -- -- -- --
Routing table at router 4
 0,0     3,21    2,1     3,1
 3,51    1,0     3,52    3,50
 0,1     0,20    2,0     0,2
 0,1     0,22    0,2     3,0
-- -- -- -- --

## ## ## ## ##

Round 19
Routing table at router 1
 0,0     3,23    2,1     3,1
-1,inf   1,0    -1,inf  -1,inf
 0,1     0,22    2,0     0,2
 0,1     0,22    0,2     3,0
-- -- -- -- --
Routing table at router 2
 0,0    -1,inf  -1,inf  -1,inf
 3,51    1,0     3,52    3,50
 0,1     0,22    2,0     0,2
 0,1     0,22    0,2     3,0
-- -- -- -- --
Routing table at router 3
 0,0     3,21    2,1     3,1
 3,51    1,0     3,52    3,50
 0,1     0,22    2,0     0,2
 0,1     0,22    0,2     3,0
-- -- -- -- --
Routing table at router 4
 0,0     3,21    2,1     3,1
 3,51    1,0     3,52    3,50
 0,1     0,22    2,0     0,2
 0,1     0,22    0,2     3,0
-- -- -- -- --

## ## ## ## ##

Round 20
Routing table at router 1
 0,0     3,23    2,1     3,1
-1,inf   1,0    -1,inf  -1,inf
 0,1     0,22    2,0     0,2
 0,1     0,22    0,2     3,0
-- -- -- -- --
Routing table at router 2
 0,0    -1,inf  -1,inf  -1,inf
 3,51    1,0     3,52    3,50
 0,1     0,22    2,0     0,2
 0,1     0,22    0,2     3,0
-- -- -- -- --
Routing table at router 3
 0,0     3,23    2,1     3,1
 3,51    1,0     3,52    3,50
 0,1     0,24    2,0     0,2
 0,1     0,22    0,2     3,0
-- -- -- -- --
Routing table at router 4
 0,0     3,23    2,1     3,1
 3,51    1,0     3,52    3,50
 0,1     0,22    2,0     0,2
 0,1     0,24    0,2     3,0
-- -- -- -- --

## ## ## ## ##

Round 21
Routing table at router 1
 0,0     3,25    2,1     3,1
-1,inf   1,0    -1,inf  -1,inf
 0,1     0,24    2,0     0,2
 0,1     0,24    0,2     3,0
-- -- -- -- --
Routing table at router 2
 0,0    -1,inf  -1,inf  -1,inf
 3,51    1,0     3,52    3,50
 0,1     0,24    2,0     0,2
 0,1     0,24    0,2     3,0
-- -- -- -- --
Routing table at router 3
 0,0     3,23    2,1     3,1
 3,51    1,0     3,52    3,50
 0,1     0,24    2,0     0,2
 0,1     0,24    0,2     3,0
-- -- -- -- --
Routing table at router 4
 0,0     3,23    2,1     3,1
 3,51    1,0     3,52    3,50
 0,1     0,24    2,0     0,2
 0,1     0,24    0,2     3,0
-- -- -- -- --

## ## ## ## ##

Round 22
Routing table at router 1
 0,0     3,25    2,1     3,1
-1,inf   1,0    -1,inf  -1,inf
 0,1     0,24    2,0     0,2
 0,1     0,24    0,2     3,0
-- -- -- -- --
Routing table at router 2
 0,0    -1,inf  -1,inf  -1,inf
 3,51    1,0     3,52    3,50
 0,1     0,24    2,0     0,2
 0,1     0,24    0,2     3,0
-- -- -- -- --
Routing table at router 3
 0,0     3,25    2,1     3,1
 3,51    1,0     3,52    3,50
 0,1     0,26    2,0     0,2
 0,1     0,24    0,2     3,0
-- -- -- -- --
Routing table at router 4
 0,0     3,25    2,1     3,1
 3,51    1,0     3,52    3,50
 0,1     0,24    2,0     0,2
 0,1     0,26    0,2     3,0
-- -- -- -- --

## ## ## ## ##

Round 23
Routing table at router 1
 0,0     3,27    2,1     3,1
-1,inf   1,0    -1,inf  -1,inf
 0,1     0,26    2,0     0,2
 0,1     0,26    0,2     3,0
-- -- -- -- --
Routing table at router 2
 0,0    -1,inf  -1,inf  -1,inf
 3,51    1,0     3,52    3,50
 0,1     0,26    2,0     0,2
 0,1     0,26    0,2     3,0
-- -- -- -- --
Routing table at router 3
 0,0     3,25    2,1     3,1
 3,51    1,0     3,52    3,50
 0,1     0,26    2,0     0,2
 0,1     0,26    0,2     3,0
-- -- -- -- --
Routing table at router 4
 0,0     3,25    2,1     3,1
 3,51    1,0     3,52    3,50
 0,1     0,26    2,0     0,2
 0,1     0,26    0,2     3,0
-- -- -- -- --

## ## ## ## ##

Round 24
Routing table at router 1
 0,0     3,27    2,1     3,1
-1,inf   1,0    -1,inf  -1,inf
 0,1     0,26    2,0     0,2
 0,1     0,26    0,2     3,0
-- -- -- -- --
Routing table at router 2
 0,0    -1,inf  -1,inf  -1,inf
 3,51    1,0     3,52    3,50
 0,1     0,26    2,0     0,2
 0,1     0,26    0,2     3,0
-- -- -- -- --
Routing table at router 3
 0,0     3,27    2,1     3,1
 3,51    1,0     3,52    3,50
 0,1     0,28    2,0     0,2
 0,1     0,26    0,2     3,0
-- -- -- -- --
Routing table at router 4
 0,0     3,27    2,1     3,1
 3,51    1,0     3,52    3,50
 0,1     0,26    2,0     0,2
 0,1     0,28    0,2     3,0
-- -- -- -- --

## ## ## ## ##

Round 25
Routing table at router 1
 0,0     3,29    2,1     3,1
-1,inf   1,0    -1,inf  -1,inf
 0,1     0,28    2,0     0,2
 0,1     0,28    0,2     3,0
-- -- -- -- --
Routing table at router 2
 0,0    -1,inf  -1,inf  -1,inf
 3,51    1,0     3,52    3,50
 0,1     0,28    2,0     0,2
 0,1     0,28    0,2     3,0
-- -- -- -- --
Routing table at router 3
 0,0     3,27    2,1     3,1
 3,51    1,0     3,52    3,50
 0,1     0,28    2,0     0,2
 0,1     0,28    0,2     3,0
-- -- -- -- --
Routing table at router 4
 0,0     3,27    2,1     3,1
 3,51    1,0     3,52    3,50
 0,1     0,28    2,0     0,2
 0,1     0,28    0,2     3,0
-- -- -- -- --

## ## ## ## ##

Round 26
Routing table at router 1
 0,0     3,29    2,1     3,1
-1,inf   1,0    -1,inf  -1,inf
 0,1     0,28    2,0     0,2
 0,1     0,28    0,2     3,0
-- -- -- -- --
Routing table at router 2
 0,0    -1,inf  -1,inf  -1,inf
 3,51    1,0     3,52    3,50
 0,1     0,28    2,0     0,2
 0,1     0,28    0,2     3,0
-- -- -- -- --
Routing table at router 3
 0,0     3,29    2,1     3,1
 3,51    1,0     3,52    3,50
 0,1     0,30    2,0     0,2
 0,1     0,28    0,2     3,0
-- -- -- -- --
Routing table at router 4
 0,0     3,29    2,1     3,1
 3,51    1,0     3,52    3,50
 0,1     0,28    2,0     0,2
 0,1     0,30    0,2     3,0
-- -- -- -- --

## ## ## ## ##

Round 27
Routing table at router 1
 0,0     3,31    2,1     3,1
-1,inf   1,0    -1,inf  -1,inf
 0,1     0,30    2,0     0,2
 0,1     0,30    0,2     3,0
-- -- -- -- --
Routing table at router 2
 0,0    -1,inf  -1,inf  -1,inf
 3,51    1,0     3,52    3,50
 0,1     0,30    2,0     0,2
 0,1     0,30    0,2     3,0
-- -- -- -- --
Routing table at router 3
 0,0     3,29    2,1     3,1
 3,51    1,0     3,52    3,50
 0,1     0,30    2,0     0,2
 0,1     0,30    0,2     3,0
-- -- -- -- --
Routing table at router 4
 0,0     3,29    2,1     3,1
 3,51    1,0     3,52    3,50
 0,1     0,30    2,0     0,2
 0,1     0,30    0,2     3,0
-- -- -- -- --

## ## ## ## ##

Round 28
Routing table at router 1
 0,0     3,31    2,1     3,1
-1,inf   1,0    -1,inf  -1,inf
 0,1     0,30    2,0     0,2
 0,1     0,30    0,2     3,0
-- -- -- -- --
Routing table at router 2
 0,0    -1,inf  -1,inf  -1,inf
 3,51    1,0     3,52    3,50
 0,1     0,30    2,0     0,2
 0,1     0,30    0,2     3,0
-- -- -- -- --
Routing table at router 3
 0,0     3,31    2,1     3,1
 3,51    1,0     3,52    3,50
 0,1     0,32    2,0     0,2
 0,1     0,30    0,2     3,0
-- -- -- -- --
Routing table at router 4
 0,0     3,31    2,1     3,1
 3,51    1,0     3,52    3,50
 0,1     0,30    2,0     0,2
 0,1     0,32    0,2     3,0
-- -- -- -- --

## ## ## ## ##

Round 29
Routing table at router 1
 0,0     3,33    2,1     3,1
-1,inf   1,0    -1,inf  -1,inf
 0,1     0,32    2,0     0,2
 0,1     0,32    0,2     3,0
-- -- -- -- --
Routing table at router 2
 0,0    -1,inf  -1,inf  -1,inf
 3,51    1,0     3,52    3,50
 0,1     0,32    2,0     0,2
 0,1     0,32    0,2     3,0
-- -- -- -- --
Routing table at router 3
 0,0     3,31    2,1     3,1
 3,51    1,0     3,52    3,50
 0,1     0,32    2,0     0,2
 0,1     0,32    0,2     3,0
-- -- -- -- --
Routing table at router 4
 0,0     3,31    2,1     3,1
 3,51    1,0     3,52    3,50
 0,1     0,32    2,0     0,2
 0,1     0,32    0,2     3,0
-- -- -- -- --

## ## ## ## ##

Round 30
Routing table at router 1
 0,0     3,33    2,1     3,1
-1,inf   1,0    -1,inf  -1,inf
 0,1     0,32    2,0     0,2
 0,1     0,32    0,2     3,0
-- -- -- -- --
Routing table at router 2
 0,0    -1,inf  -1,inf  -1,inf
 3,51    1,0     3,52    3,50
 0,1     0,32    2,0     0,2
 0,1     0,32    0,2     3,0
-- -- -- -- --
Routing table at router 3
 0,0     3,33    2,1     3,1
 3,51    1,0     3,52    3,50
 0,1     0,34    2,0     0,2
 0,1     0,32    0,2     3,0
-- -- -- -- --
Routing table at router 4
 0,0     3,33    2,1     3,1
 3,51    1,0     3,52    3,50
 0,1     0,32    2,0     0,2
 0,1     0,34    0,2     3,0
-- -- -- -- --

## ## ## ## ##

Round 31
Routing table at router 1
 0,0     3,35    2,1     3,1
-1,inf   1,0    -1,inf  -1,inf
 0,1     0,34    2,0     0,2
 0,1     0,34    0,2     3,0
-- -- -- -- --
Routing table at router 2
 0,0    -1,inf  -1,inf  -1,inf
 3,51    1,0     3,52    3,50
 0,1     0,34    2,0     0,2
 0,1     0,34    0,2     3,0
-- -- -- -- --
Routing table at router 3
 0,0     3,33    2,1     3,1
 3,51    1,0     3,52    3,50
 0,1     0,34    2,0     0,2
 0,1     0,34    0,2     3,0
-- -- -- -- --
Routing table at router 4
 0,0     3,33    2,1     3,1
 3,51    1,0     3,52    3,50
 0,1     0,34    2,0     0,2
 0,1     0,34    0,2     3,0
-- -- -- -- --

## ## ## ## ##

Round 32
Routing table at router 1
 0,0     3,35    2,1     3,1
-1,inf   1,0    -1,inf  -1,inf
 0,1     0,34    2,0     0,2
 0,1     0,34    0,2     3,0
-- -- -- -- --
Routing table at router 2
 0,0    -1,inf  -1,inf  -1,inf
 3,51    1,0     3,52    3,50
 0,1     0,34    2,0     0,2
 0,1     0,34    0,2     3,0
-- -- -- -- --
Routing table at router 3
 0,0     3,35    2,1     3,1
 3,51    1,0     3,52    3,50
 0,1     0,36    2,0     0,2
 0,1     0,34    0,2     3,0
-- -- -- -- --
Routing table at router 4
 0,0     3,35    2,1     3,1
 3,51    1,0     3,52    3,50
 0,1     0,34    2,0     0,2
 0,1     0,36    0,2     3,0
-- -- -- -- --

## ## ## ## ##

Round 33
Routing table at router 1
 0,0     3,37    2,1     3,1
-1,inf   1,0    -1,inf  -1,inf
 0,1     0,36    2,0     0,2
 0,1     0,36    0,2     3,0
-- -- -- -- --
Routing table at router 2
 0,0    -1,inf  -1,inf  -1,inf
 3,51    1,0     3,52    3,50
 0,1     0,36    2,0     0,2
 0,1     0,36    0,2     3,0
-- -- -- -- --
Routing table at router 3
 0,0     3,35    2,1     3,1
 3,51    1,0     3,52    3,50
 0,1     0,36    2,0     0,2
 0,1     0,36    0,2     3,0
-- -- -- -- --
Routing table at router 4
 0,0     3,35    2,1     3,1
 3,51    1,0     3,52    3,50
 0,1     0,36    2,0     0,2
 0,1     0,36    0,2     3,0
-- -- -- -- --

## ## ## ## ##

Round 34
Routing table at router 1
 0,0     3,37    2,1     3,1
-1,inf   1,0    -1,inf  -1,inf
 0,1     0,36    2,0     0,2
 0,1     0,36    0,2     3,0
-- -- -- -- --
Routing table at router 2
 0,0    -1,inf  -1,inf  -1,inf
 3,51    1,0     3,52    3,50
 0,1     0,36    2,0     0,2
 0,1     0,36    0,2     3,0
-- -- -- -- --
Routing table at router 3
 0,0     3,37    2,1     3,1
 3,51    1,0     3,52    3,50
 0,1     0,38    2,0     0,2
 0,1     0,36    0,2     3,0
-- -- -- -- --
Routing table at router 4
 0,0     3,37    2,1     3,1
 3,51    1,0     3,52    3,50
 0,1     0,36    2,0     0,2
 0,1     0,38    0,2     3,0
-- -- -- -- --

## ## ## ## ##

Round 35
Routing table at router 1
 0,0     3,39    2,1     3,1
-1,inf   1,0    -1,inf  -1,inf
 0,1     0,38    2,0     0,2
 0,1     0,38    0,2     3,0
-- -- -- -- --
Routing table at router 2
 0,0    -1,inf  -1,inf  -1,inf
 3,51    1,0     3,52    3,50
 0,1     0,38    2,0     0,2
 0,1     0,38    0,2     3,0
-- -- -- -- --
Routing table at router 3
 0,0     3,37    2,1     3,1
 3,51    1,0     3,52    3,50
 0,1     0,38    2,0     0,2
 0,1     0,38    0,2     3,0
-- -- -- -- --
Routing table at router 4
 0,0     3,37    2,1     3,1
 3,51    1,0     3,52    3,50
 0,1     0,38    2,0     0,2
 0,1     0,38    0,2     3,0
-- -- -- -- --

## ## ## ## ##

Round 36
Routing table at router 1
 0,0     3,39    2,1     3,1
-1,inf   1,0    -1,inf  -1,inf
 0,1     0,38    2,0     0,2
 0,1     0,38    0,2     3,0
-- -- -- -- --
Routing table at router 2
 0,0    -1,inf  -1,inf  -1,inf
 3,51    1,0     3,52    3,50
 0,1     0,38    2,0     0,2
 0,1     0,38    0,2     3,0
-- -- -- -- --
Routing table at router 3
 0,0     3,39    2,1     3,1
 3,51    1,0     3,52    3,50
 0,1     0,40    2,0     0,2
 0,1     0,38    0,2     3,0
-- -- -- -- --
Routing table at router 4
 0,0     3,39    2,1     3,1
 3,51    1,0     3,52    3,50
 0,1     0,38    2,0     0,2
 0,1     0,40    0,2     3,0
-- -- -- -- --

## ## ## ## ##

Round 37
Routing table at router 1
 0,0     3,41    2,1     3,1
-1,inf   1,0    -1,inf  -1,inf
 0,1     0,40    2,0     0,2
 0,1     0,40    0,2     3,0
-- -- -- -- --
Routing table at router 2
 0,0    -1,inf  -1,inf  -1,inf
 3,51    1,0     3,52    3,50
 0,1     0,40    2,0     0,2
 0,1     0,40    0,2     3,0
-- -- -- -- --
Routing table at router 3
 0,0     3,39    2,1     3,1
 3,51    1,0     3,52    3,50
 0,1     0,40    2,0     0,2
 0,1     0,40    0,2     3,0
-- -- -- -- --
Routing table at router 4
 0,0     3,39    2,1     3,1
 3,51    1,0     3,52    3,50
 0,1     0,40    2,0     0,2
 0,1     0,40    0,2     3,0
-- -- -- -- --

## ## ## ## ##

Round 38
Routing table at router 1
 0,0     3,41    2,1     3,1
-1,inf   1,0    -1,inf  -1,inf
 0,1     0,40    2,0     0,2
 0,1     0,40    0,2     3,0
-- -- -- -- --
Routing table at router 2
 0,0    -1,inf  -1,inf  -1,inf
 3,51    1,0     3,52    3,50
 0,1     0,40    2,0     0,2
 0,1     0,40    0,2     3,0
-- -- -- -- --
Routing table at router 3
 0,0     3,41    2,1     3,1
 3,51    1,0     3,52    3,50
 0,1     0,42    2,0     0,2
 0,1     0,40    0,2     3,0
-- -- -- -- --
Routing table at router 4
 0,0     3,41    2,1     3,1
 3,51    1,0     3,52    3,50
 0,1     0,40    2,0     0,2
 0,1     0,42    0,2     3,0
-- -- -- -- --

## ## ## ## ##

Round 39
Routing table at router 1
 0,0     3,43    2,1     3,1
-1,inf   1,0    -1,inf  -1,inf
 0,1     0,42    2,0     0,2
 0,1     0,42    0,2     3,0
-- -- -- -- --
Routing table at router 2
 0,0    -1,inf  -1,inf  -1,inf
 3,51    1,0     3,52    3,50
 0,1     0,42    2,0     0,2
 0,1     0,42    0,2     3,0
-- -- -- -- --
Routing table at router 3
 0,0     3,41    2,1     3,1
 3,51    1,0     3,52    3,50
 0,1     0,42    2,0     0,2
 0,1     0,42    0,2     3,0
-- -- -- -- --
Routing table at router 4
 0,0     3,41    2,1     3,1
 3,51    1,0     3,52    3,50
 0,1     0,42    2,0     0,2
 0,1     0,42    0,2     3,0
-- -- -- -- --

## ## ## ## ##

Round 40
Routing table at router 1
 0,0     3,43    2,1     3,1
-1,inf   1,0    -1,inf  -1,inf
 0,1     0,42    2,0     0,2
 0,1     0,42    0,2     3,0
-- -- -- -- --
Routing table at router 2
 0,0    -1,inf  -1,inf  -1,inf
 3,51    1,0     3,52    3,50
 0,1     0,42    2,0     0,2
 0,1     0,42    0,2     3,0
-- -- -- -- --
Routing table at router 3
 0,0     3,43    2,1     3,1
 3,51    1,0     3,52    3,50
 0,1     0,44    2,0     0,2
 0,1     0,42    0,2     3,0
-- -- -- -- --
Routing table at router 4
 0,0     3,43    2,1     3,1
 3,51    1,0     3,52    3,50
 0,1     0,42    2,0     0,2
 0,1     0,44    0,2     3,0
-- -- -- -- --

## ## ## ## ##

Round 41
Routing table at router 1
 0,0     3,45    2,1     3,1
-1,inf   1,0    -1,inf  -1,inf
 0,1     0,44    2,0     0,2
 0,1     0,44    0,2     3,0
-- -- -- -- --
Routing table at router 2
 0,0    -1,inf  -1,inf  -1,inf
 3,51    1,0     3,52    3,50
 0,1     0,44    2,0     0,2
 0,1     0,44    0,2     3,0
-- -- -- -- --
Routing table at router 3
 0,0     3,43    2,1     3,1
 3,51    1,0     3,52    3,50
 0,1     0,44    2,0     0,2
 0,1     0,44    0,2     3,0
-- -- -- -- --
Routing table at router 4
 0,0     3,43    2,1     3,1
 3,51    1,0     3,52    3,50
 0,1     0,44    2,0     0,2
 0,1     0,44    0,2     3,0
-- -- -- -- --

## ## ## ## ##

Round 42
Routing table at router 1
 0,0     3,45    2,1     3,1
-1,inf   1,0    -1,inf  -1,inf
 0,1     0,44    2,0     0,2
 0,1     0,44    0,2     3,0
-- -- -- -- --
Routing table at router 2
 0,0    -1,inf  -1,inf  -1,inf
 3,51    1,0     3,52    3,50
 0,1     0,44    2,0     0,2
 0,1     0,44    0,2     3,0
-- -- -- -- --
Routing table at router 3
 0,0     3,45    2,1     3,1
 3,51    1,0     3,52    3,50
 0,1     0,46    2,0     0,2
 0,1     0,44    0,2     3,0
-- -- -- -- --
Routing table at router 4
 0,0     3,45    2,1     3,1
 3,51    1,0     3,52    3,50
 0,1     0,44    2,0     0,2
 0,1     0,46    0,2     3,0
-- -- -- -- --

## ## ## ## ##

Round 43
Routing table at router 1
 0,0     3,47    2,1     3,1
-1,inf   1,0    -1,inf  -1,inf
 0,1     0,46    2,0     0,2
 0,1     0,46    0,2     3,0
-- -- -- -- --
Routing table at router 2
 0,0    -1,inf  -1,inf  -1,inf
 3,51    1,0     3,52    3,50
 0,1     0,46    2,0     0,2
 0,1     0,46    0,2     3,0
-- -- -- -- --
Routing table at router 3
 0,0     3,45    2,1     3,1
 3,51    1,0     3,52    3,50
 0,1     0,46    2,0     0,2
 0,1     0,46    0,2     3,0
-- -- -- -- --
Routing table at router 4
 0,0     3,45    2,1     3,1
 3,51    1,0     3,52    3,50
 0,1     0,46    2,0     0,2
 0,1     0,46    0,2     3,0
-- -- -- -- --

## ## ## ## ##

Round 44
Routing table at router 1
 0,0     3,47    2,1     3,1
-1,inf   1,0    -1,inf  -1,inf
 0,1     0,46    2,0     0,2
 0,1     0,46    0,2     3,0
-- -- -- -- --
Routing table at router 2
 0,0    -1,inf  -1,inf  -1,inf
 3,51    1,0     3,52    3,50
 0,1     0,46    2,0     0,2
 0,1     0,46    0,2     3,0
-- -- -- -- --
Routing table at router 3
 0,0     3,47    2,1     3,1
 3,51    1,0     3,52    3,50
 0,1     0,48    2,0     0,2
 0,1     0,46    0,2     3,0
-- -- -- -- --
Routing table at router 4
 0,0     3,47    2,1     3,1
 3,51    1,0     3,52    3,50
 0,1     0,46    2,0     0,2
 0,1     0,48    0,2     3,0
-- -- -- -- --

## ## ## ## ##

Round 45
Routing table at router 1
 0,0     3,49    2,1     3,1
-1,inf   1,0    -1,inf  -1,inf
 0,1     0,48    2,0     0,2
 0,1     0,48    0,2     3,0
-- -- -- -- --
Routing table at router 2
 0,0    -1,inf  -1,inf  -1,inf
 3,51    1,0     3,52    3,50
 0,1     0,48    2,0     0,2
 0,1     0,48    0,2     3,0
-- -- -- -- --
Routing table at router 3
 0,0     3,47    2,1     3,1
 3,51    1,0     3,52    3,50
 0,1     0,48    2,0     0,2
 0,1     0,48    0,2     3,0
-- -- -- -- --
Routing table at router 4
 0,0     3,47    2,1     3,1
 3,51    1,0     3,52    3,50
 0,1     0,48    2,0     0,2
 0,1     0,48    0,2     3,0
-- -- -- -- --

## ## ## ## ##

Round 46
Routing table at router 1
 0,0     3,49    2,1     3,1
-1,inf   1,0    -1,inf  -1,inf
 0,1     0,48    2,0     0,2
 0,1     0,48    0,2     3,0
-- -- -- -- --
Routing table at router 2
 0,0    -1,inf  -1,inf  -1,inf
 3,51    1,0     3,52    3,50
 0,1     0,48    2,0     0,2
 0,1     0,48    0,2     3,0
-- -- -- -- --
Routing table at router 3
 0,0     3,49    2,1     3,1
 3,51    1,0     3,52    3,50
 0,1     0,50    2,0     0,2
 0,1     0,48    0,2     3,0
-- -- -- -- --
Routing table at router 4
 0,0     3,49    2,1     3,1
 3,51    1,0     3,52    3,50
 0,1     0,48    2,0     0,2
 0,1     1,50    0,2     3,0
-- -- -- -- --

## ## ## ## ##

Round 47
Routing table at router 1
 0,0     3,51    2,1     3,1
-1,inf   1,0    -1,inf  -1,inf
 0,1     0,50    2,0     0,2
 0,1     1,50    0,2     3,0
-- -- -- -- --
Routing table at router 2
 0,0    -1,inf  -1,inf  -1,inf
 3,51    1,0     3,52    3,50
 0,1     0,50    2,0     0,2
 0,1     1,50    0,2     3,0
-- -- -- -- --
Routing table at router 3
 0,0     3,49    2,1     3,1
 3,51    1,0     3,52    3,50
 0,1     0,50    2,0     0,2
 0,1     1,50    0,2     3,0
-- -- -- -- --
Routing table at router 4
 0,0     3,49    2,1     3,1
 3,51    1,0     3,52    3,50
 0,1     0,50    2,0     0,2
 0,1     1,50    0,2     3,0
-- -- -- -- --

## ## ## ## ##

Round 48
Routing table at router 1
 0,0     3,51    2,1     3,1
-1,inf   1,0    -1,inf  -1,inf
 0,1     0,50    2,0     0,2
 0,1     1,50    0,2     3,0
-- -- -- -- --
Routing table at router 2
 0,0    -1,inf  -1,inf  -1,inf
 3,51    1,0     3,52    3,50
 0,1     0,50    2,0     0,2
 0,1     1,50    0,2     3,0
-- -- -- -- --
Routing table at router 3
 0,0     3,51    2,1     3,1
 3,51    1,0     3,52    3,50
 0,1     0,52    2,0     0,2
 0,1     1,50    0,2     3,0
-- -- -- -- --
Routing table at router 4
 0,0     3,51    2,1     3,1
 3,51    1,0     3,52    3,50
 0,1     0,50    2,0     0,2
 0,1     1,50    0,2     3,0
-- -- -- -- --

## ## ## ## ##

Round 49
Routing table at router 1
 0,0     3,51    2,1     3,1
-1,inf   1,0    -1,inf  -1,inf
 0,1     0,52    2,0     0,2
 0,1     1,50    0,2     3,0
-- -- -- -- --
Routing table at router 2
 0,0    -1,inf  -1,inf  -1,inf
 3,51    1,0     3,52    3,50
 0,1     0,52    2,0     0,2
 0,1     1,50    0,2     3,0
-- -- -- -- --
Routing table at router 3
 0,0     3,51    2,1     3,1
 3,51    1,0     3,52    3,50
 0,1     0,52    2,0     0,2
 0,1     1,50    0,2     3,0
-- -- -- -- --
Routing table at router 4
 0,0     3,51    2,1     3,1
 3,51    1,0     3,52    3,50
 0,1     0,52    2,0     0,2
 0,1     1,50    0,2     3,0
-- -- -- -- --

## ## ## ## ##

converge delay 48
###########################################################################
###########################################################################
###########################################################################
Round 0
Routing table at router 1
 0,0    -1,inf   2,1     3,1
-1,inf   1,0    -1,inf  -1,inf
-1,inf  -1,inf   2,0    -1,inf
-1,inf  -1,inf  -1,inf   3,0
-- -- -- -- --
Routing table at router 2
 0,0    -1,inf  -1,inf  -1,inf
-1,inf   1,0     2,4     3,50
-1,inf  -1,inf   2,0    -1,inf
-1,inf  -1,inf  -1,inf   3,0
-- -- -- -- --
Routing table at router 3
 0,0    -1,inf  -1,inf  -1,inf
-1,inf   1,0    -1,inf  -1,inf
 0,1     1,4     2,0     3,3
-1,inf  -1,inf  -1,inf   3,0
-- -- -- -- --
Routing table at router 4
 0,0    -1,inf  -1,inf  -1,inf
-1,inf   1,0    -1,inf  -1,inf
-1,inf  -1,inf   2,0    -1,inf
 0,1     1,50    2,3     3,0
-- -- -- -- --

## ## ## ## ##

Round 1
Routing table at router 1
 0,0     2,5     2,1     3,1
-1,inf   1,0    -1,inf  -1,inf
-1,inf   1,4     2,0     3,3
-1,inf   1,50    2,3     3,0
-- -- -- -- --
Routing table at router 2
 0,0    -1,inf  -1,inf  -1,inf
 2,5     1,0     2,4     2,7
 0,1    -1,inf   2,0     3,3
 0,1    -1,inf   2,3     3,0
-- -- -- -- --
Routing table at router 3
 0,0    -1,inf  -1,inf   3,1
-1,inf   1,0    -1,inf   3,50
 0,1     1,4     2,0     0,2
 0,1     1,50   -1,inf   3,0
-- -- -- -- --
Routing table at router 4
 0,0    -1,inf   2,1    -1,inf
-1,inf   1,0     2,4    -1,inf
 0,1     1,4     2,0    -1,inf
 0,1     2,7     0,2     3,0
-- -- -- -- --

## ## ## ## ##

Round 2
Routing table at router 1
 0,0     2,5     2,1     3,1
-1,inf   1,0    -1,inf  -1,inf
-1,inf   1,4     2,0     3,3
-1,inf   2,7     2,3     3,0
-- -- -- -- --
Routing table at router 2
 0,0    -1,inf  -1,inf  -1,inf
 3,51    1,0     3,52    3,50
 0,1    -1,inf   2,0     0,2
 0,1     2,7     0,2     3,0
-- -- -- -- --
Routing table at router 3
 0,0    -1,inf  -1,inf   3,1
-1,inf   1,0    -1,inf   3,50
 0,1     3,53    2,0     0,2
 0,1     1,50    0,2     3,0
-- -- -- -- --
Routing table at router 4
 0,0     2,5     2,1    -1,inf
 2,5     1,0     2,4     2,7
 0,1     1,4     2,0     0,2
 0,1     0,6     0,2     3,0
-- -- -- -- --

## ## ## ## ##

Round 3
Routing table at router 1
 0,0     3,8     2,1     3,1
-1,inf   1,0    -1,inf  -1,inf
-1,inf   3,53    2,0     3,3
-1,inf   2,7     2,3     3,0
-- -- -- -- --
Routing table at router 2
 0,0    -1,inf  -1,inf  -1,inf
 3,51    1,0     3,52    3,50
 0,1     3,53    2,0     0,2
 0,1     0,6     0,2     3,0
-- -- -- -- --
Routing table at router 3
 0,0    -1,inf  -1,inf   3,1
 3,51    1,0     3,52    3,50
 0,1     3,9     2,0     0,2
 0,1     0,6     0,2     3,0
-- -- -- -- --
Routing table at router 4
 0,0     2,5     2,1    -1,inf
 2,5     1,0     2,4     2,7
 0,1     1,4     2,0     0,2
 0,1     0,6     0,2     3,0
-- -- -- -- --

## ## ## ## ##

Round 4
Routing table at router 1
 0,0     3,8     2,1     3,1
-1,inf   1,0    -1,inf  -1,inf
-1,inf   3,9     2,0     3,3
-1,inf   2,7     2,3     3,0
-- -- -- -- --
Routing table at router 2
 0,0    -1,inf  -1,inf  -1,inf
 3,51    1,0     3,52    3,50
 0,1     3,9     2,0     0,2
 0,1     0,6     0,2     3,0
-- -- -- -- --
Routing table at router 3
 0,0     3,8    -1,inf   3,1
 3,51    1,0     3,52    3,50
 0,1     3,9     2,0     0,2
 0,1     0,6     0,2     3,0
-- -- -- -- --
Routing table at router 4
 0,0     2,5     2,1    -1,inf
 2,5     1,0     2,4     2,7
 0,1     1,4     2,0     0,2
 0,1     0,6     0,2     3,0
-- -- -- -- --

## ## ## ## ##

converge delay 3
###########################################################################
###########################################################################
###########################################################################
Round 0
Routing table at router 1
 0,0    -1,inf   2,1     3,1
-1,inf   1,0    -1,inf  -1,inf
-1,inf  -1,inf   2,0    -1,inf
-1,inf  -1,inf  -1,inf   3,0
-- -- -- -- --
Routing table at router 2
 0,0    -1,inf  -1,inf  -1,inf
-1,inf   1,0     2,4     3,50
-1,inf  -1,inf   2,0    -1,inf
-1,inf  -1,inf  -1,inf   3,0
-- -- -- -- --
Routing table at router 3
 0,0    -1,inf  -1,inf  -1,inf
-1,inf   1,0    -1,inf  -1,inf
 0,1     1,4     2,0     3,3
-1,inf  -1,inf  -1,inf   3,0
-- -- -- -- --
Routing table at router 4
 0,0    -1,inf  -1,inf  -1,inf
-1,inf   1,0    -1,inf  -1,inf
-1,inf  -1,inf   2,0    -1,inf
 0,1     1,50    2,3     3,0
-- -- -- -- --

## ## ## ## ##

Round 1
Routing table at router 1
 0,0     2,5     2,1     3,1
-1,inf   1,0    -1,inf  -1,inf
-1,inf   1,4     2,0     3,3
-1,inf   1,50    2,3     3,0
-- -- -- -- --
Routing table at router 2
 0,0    -1,inf  -1,inf  -1,inf
 2,5     1,0     2,4     2,7
 0,1    -1,inf   2,0     3,3
 0,1    -1,inf   2,3     3,0
-- -- -- -- --
Routing table at router 3
 0,0    -1,inf  -1,inf   3,1
-1,inf   1,0    -1,inf   3,50
 0,1     1,4     2,0     0,2
 0,1     1,50   -1,inf   3,0
-- -- -- -- --
Routing table at router 4
 0,0    -1,inf   2,1    -1,inf
-1,inf   1,0     2,4    -1,inf
 0,1     1,4     2,0    -1,inf
 0,1     2,7     0,2     3,0
-- -- -- -- --

## ## ## ## ##

Round 2
Routing table at router 1
 0,0     2,5     2,1     3,1
-1,inf   1,0    -1,inf  -1,inf
-1,inf   1,4     2,0    -1,inf
-1,inf   2,7    -1,inf   3,0
-- -- -- -- --
Routing table at router 2
 0,0    -1,inf  -1,inf  -1,inf
 3,51    1,0     3,52    3,50
 0,1    -1,inf   2,0     0,2
 0,1     2,7     0,2     3,0
-- -- -- -- --
Routing table at router 3
 0,0    -1,inf  -1,inf   3,1
-1,inf   1,0    -1,inf  -1,inf
 0,1     1,60    2,0     0,2
 0,1    -1,inf   0,2     3,0
-- -- -- -- --
Routing table at router 4
 0,0     2,5     2,1    -1,inf
 2,5     1,0     2,4     2,7
 0,1     1,4     2,0     0,2
 0,1     0,6     0,2     3,0
-- -- -- -- --

## ## ## ## ##

Round 3
Routing table at router 1
 0,0     2,61    2,1     3,1
-1,inf   1,0    -1,inf  -1,inf
-1,inf   1,60    2,0    -1,inf
-1,inf  -1,inf  -1,inf   3,0
-- -- -- -- --
Routing table at router 2
 0,0    -1,inf  -1,inf  -1,inf
 3,51    1,0     3,52    3,50
 0,1    -1,inf   2,0     0,2
 0,1     0,6     0,2     3,0
-- -- -- -- --
Routing table at router 3
 0,0    -1,inf  -1,inf   3,1
 3,51    1,0     3,52    3,50
 0,1     3,9     2,0     0,2
 0,1     0,6     0,2     3,0
-- -- -- -- --
Routing table at router 4
 0,0     2,5     2,1    -1,inf
-1,inf   1,0    -1,inf  -1,inf
 0,1     1,60    2,0     0,2
 0,1     0,6     0,2     3,0
-- -- -- -- --

## ## ## ## ##

Round 4
Routing table at router 1
 0,0     2,10    2,1     3,1
-1,inf   1,0    -1,inf  -1,inf
-1,inf   3,9     2,0    -1,inf
-1,inf  -1,inf  -1,inf   3,0
-- -- -- -- --
Routing table at router 2
 0,0    -1,inf  -1,inf  -1,inf
 3,51    1,0     3,52    3,50
 0,1     3,9     2,0     0,2
 0,1     0,6     0,2     3,0
-- -- -- -- --
Routing table at router 3
 0,0    -1,inf  -1,inf   3,1
 3,51    1,0     3,52    3,50
 0,1     3,9     2,0     0,2
 0,1     0,6     0,2     3,0
-- -- -- -- --
Routing table at router 4
 0,0     2,61    2,1    -1,inf
-1,inf   1,0    -1,inf  -1,inf
 0,1    -1,inf   2,0     0,2
 0,1     1,50    0,2     3,0
-- -- -- -- --

## ## ## ## ##

Round 5
Routing table at router 1
 0,0     2,10    2,1     3,1
-1,inf   1,0    -1,inf  -1,inf
-1,inf   3,9     2,0    -1,inf
-1,inf   1,50   -1,inf   3,0
-- -- -- -- --
Routing table at router 2
 0,0    -1,inf  -1,inf  -1,inf
 3,51    1,0     3,52    3,50
 0,1     3,9     2,0     0,2
 0,1    -1,inf   0,2     3,0
-- -- -- -- --
Routing table at router 3
 0,0    -1,inf  -1,inf   3,1
 3,51    1,0     3,52    3,50
 0,1     3,53    2,0     0,2
 0,1     1,50    0,2     3,0
-- -- -- -- --
Routing table at router 4
 0,0     2,10    2,1    -1,inf
-1,inf   1,0    -1,inf  -1,inf
 0,1    -1,inf   2,0     0,2
 0,1     0,11    0,2     3,0
-- -- -- -- --

## ## ## ## ##

Round 6
Routing table at router 1
 0,0     2,54    2,1     3,1
-1,inf   1,0    -1,inf  -1,inf
-1,inf   3,53    2,0    -1,inf
-1,inf  -1,inf  -1,inf   3,0
-- -- -- -- --
Routing table at router 2
 0,0    -1,inf  -1,inf  -1,inf
 3,51    1,0     3,52    3,50
 0,1     3,53    2,0     0,2
 0,1     0,11    0,2     3,0
-- -- -- -- --
Routing table at router 3
 0,0    -1,inf  -1,inf   3,1
 3,51    1,0     3,52    3,50
 0,1     3,14    2,0     0,2
 0,1     0,11    0,2     3,0
-- -- -- -- --
Routing table at router 4
 0,0     2,10    2,1    -1,inf
-1,inf   1,0    -1,inf  -1,inf
 0,1    -1,inf   2,0     0,2
 0,1     0,11    0,2     3,0
-- -- -- -- --

## ## ## ## ##

Round 7
Routing table at router 1
 0,0     2,15    2,1     3,1
-1,inf   1,0    -1,inf  -1,inf
-1,inf   3,14    2,0    -1,inf
-1,inf  -1,inf  -1,inf   3,0
-- -- -- -- --
Routing table at router 2
 0,0    -1,inf  -1,inf  -1,inf
 3,51    1,0     3,52    3,50
 0,1     3,14    2,0     0,2
 0,1     0,11    0,2     3,0
-- -- -- -- --
Routing table at router 3
 0,0    -1,inf  -1,inf   3,1
 3,51    1,0     3,52    3,50
 0,1     3,14    2,0     0,2
 0,1     0,11    0,2     3,0
-- -- -- -- --
Routing table at router 4
 0,0     2,54    2,1    -1,inf
-1,inf   1,0    -1,inf  -1,inf
 0,1    -1,inf   2,0     0,2
 0,1     1,50    0,2     3,0
-- -- -- -- --

## ## ## ## ##

Round 8
Routing table at router 1
 0,0     2,15    2,1     3,1
-1,inf   1,0    -1,inf  -1,inf
-1,inf   3,14    2,0    -1,inf
-1,inf   1,50   -1,inf   3,0
-- -- -- -- --
Routing table at router 2
 0,0    -1,inf  -1,inf  -1,inf
 3,51    1,0     3,52    3,50
 0,1     3,14    2,0     0,2
 0,1    -1,inf   0,2     3,0
-- -- -- -- --
Routing table at router 3
 0,0    -1,inf  -1,inf   3,1
 3,51    1,0     3,52    3,50
 0,1     3,53    2,0     0,2
 0,1     1,50    0,2     3,0
-- -- -- -- --
Routing table at router 4
 0,0     2,15    2,1    -1,inf
-1,inf   1,0    -1,inf  -1,inf
 0,1    -1,inf   2,0     0,2
 0,1     0,16    0,2     3,0
-- -- -- -- --

## ## ## ## ##

Round 9
Routing table at router 1
 0,0     2,54    2,1     3,1
-1,inf   1,0    -1,inf  -1,inf
-1,inf   3,53    2,0    -1,inf
-1,inf  -1,inf  -1,inf   3,0
-- -- -- -- --
Routing table at router 2
 0,0    -1,inf  -1,inf  -1,inf
 3,51    1,0     3,52    3,50
 0,1     3,53    2,0     0,2
 0,1     0,16    0,2     3,0
-- -- -- -- --
Routing table at router 3
 0,0    -1,inf  -1,inf   3,1
 3,51    1,0     3,52    3,50
 0,1     3,19    2,0     0,2
 0,1     0,16    0,2     3,0
-- -- -- -- --
Routing table at router 4
 0,0     2,15    2,1    -1,inf
-1,inf   1,0    -1,inf  -1,inf
 0,1    -1,inf   2,0     0,2
 0,1     0,16    0,2     3,0
-- -- -- -- --

## ## ## ## ##

Round 10
Routing table at router 1
 0,0     2,20    2,1     3,1
-1,inf   1,0    -1,inf  -1,inf
-1,inf   3,19    2,0    -1,inf
-1,inf  -1,inf  -1,inf   3,0
-- -- -- -- --
Routing table at router 2
 0,0    -1,inf  -1,inf  -1,inf
 3,51    1,0     3,52    3,50
 0,1     3,19    2,0     0,2
 0,1     0,16    0,2     3,0
-- -- -- -- --
Routing table at router 3
 0,0    -1,inf  -1,inf   3,1
 3,51    1,0     3,52    3,50
 0,1     3,19    2,0     0,2
 0,1     0,16    0,2     3,0
-- -- -- -- --
Routing table at router 4
 0,0     2,54    2,1    -1,inf
-1,inf   1,0    -1,inf  -1,inf
 0,1    -1,inf   2,0     0,2
 0,1     1,50    0,2     3,0
-- -- -- -- --

## ## ## ## ##

Round 11
Routing table at router 1
 0,0     2,20    2,1     3,1
-1,inf   1,0    -1,inf  -1,inf
-1,inf   3,19    2,0    -1,inf
-1,inf   1,50   -1,inf   3,0
-- -- -- -- --
Routing table at router 2
 0,0    -1,inf  -1,inf  -1,inf
 3,51    1,0     3,52    3,50
 0,1     3,19    2,0     0,2
 0,1    -1,inf   0,2     3,0
-- -- -- -- --
Routing table at router 3
 0,0    -1,inf  -1,inf   3,1
 3,51    1,0     3,52    3,50
 0,1     3,53    2,0     0,2
 0,1     1,50    0,2     3,0
-- -- -- -- --
Routing table at router 4
 0,0     2,20    2,1    -1,inf
-1,inf   1,0    -1,inf  -1,inf
 0,1    -1,inf   2,0     0,2
 0,1     0,21    0,2     3,0
-- -- -- -- --

## ## ## ## ##

Round 12
Routing table at router 1
 0,0     2,54    2,1     3,1
-1,inf   1,0    -1,inf  -1,inf
-1,inf   3,53    2,0    -1,inf
-1,inf  -1,inf  -1,inf   3,0
-- -- -- -- --
Routing table at router 2
 0,0    -1,inf  -1,inf  -1,inf
 3,51    1,0     3,52    3,50
 0,1     3,53    2,0     0,2
 0,1     0,21    0,2     3,0
-- -- -- -- --
Routing table at router 3
 0,0    -1,inf  -1,inf   3,1
 3,51    1,0     3,52    3,50
 0,1     3,24    2,0     0,2
 0,1     0,21    0,2     3,0
-- -- -- -- --
Routing table at router 4
 0,0     2,20    2,1    -1,inf
-1,inf   1,0    -1,inf  -1,inf
 0,1    -1,inf   2,0     0,2
 0,1     0,21    0,2     3,0
-- -- -- -- --

## ## ## ## ##

Round 13
Routing table at router 1
 0,0     2,25    2,1     3,1
-1,inf   1,0    -1,inf  -1,inf
-1,inf   3,24    2,0    -1,inf
-1,inf  -1,inf  -1,inf   3,0
-- -- -- -- --
Routing table at router 2
 0,0    -1,inf  -1,inf  -1,inf
 3,51    1,0     3,52    3,50
 0,1     3,24    2,0     0,2
 0,1     0,21    0,2     3,0
-- -- -- -- --
Routing table at router 3
 0,0    -1,inf  -1,inf   3,1
 3,51    1,0     3,52    3,50
 0,1     3,24    2,0     0,2
 0,1     0,21    0,2     3,0
-- -- -- -- --
Routing table at router 4
 0,0     2,54    2,1    -1,inf
-1,inf   1,0    -1,inf  -1,inf
 0,1    -1,inf   2,0     0,2
 0,1     1,50    0,2     3,0
-- -- -- -- --

## ## ## ## ##

Round 14
Routing table at router 1
 0,0     2,25    2,1     3,1
-1,inf   1,0    -1,inf  -1,inf
-1,inf   3,24    2,0    -1,inf
-1,inf   1,50   -1,inf   3,0
-- -- -- -- --
Routing table at router 2
 0,0    -1,inf  -1,inf  -1,inf
 3,51    1,0     3,52    3,50
 0,1     3,24    2,0     0,2
 0,1    -1,inf   0,2     3,0
-- -- -- -- --
Routing table at router 3
 0,0    -1,inf  -1,inf   3,1
 3,51    1,0     3,52    3,50
 0,1     3,53    2,0     0,2
 0,1     1,50    0,2     3,0
-- -- -- -- --
Routing table at router 4
 0,0     2,25    2,1    -1,inf
-1,inf   1,0    -1,inf  -1,inf
 0,1    -1,inf   2,0     0,2
 0,1     0,26    0,2     3,0
-- -- -- -- --

## ## ## ## ##

Round 15
Routing table at router 1
 0,0     2,54    2,1     3,1
-1,inf   1,0    -1,inf  -1,inf
-1,inf   3,53    2,0    -1,inf
-1,inf  -1,inf  -1,inf   3,0
-- -- -- -- --
Routing table at router 2
 0,0    -1,inf  -1,inf  -1,inf
 3,51    1,0     3,52    3,50
 0,1     3,53    2,0     0,2
 0,1     0,26    0,2     3,0
-- -- -- -- --
Routing table at router 3
 0,0    -1,inf  -1,inf   3,1
 3,51    1,0     3,52    3,50
 0,1     3,29    2,0     0,2
 0,1     0,26    0,2     3,0
-- -- -- -- --
Routing table at router 4
 0,0     2,25    2,1    -1,inf
-1,inf   1,0    -1,inf  -1,inf
 0,1    -1,inf   2,0     0,2
 0,1     0,26    0,2     3,0
-- -- -- -- --

## ## ## ## ##

Round 16
Routing table at router 1
 0,0     2,30    2,1     3,1
-1,inf   1,0    -1,inf  -1,inf
-1,inf   3,29    2,0    -1,inf
-1,inf  -1,inf  -1,inf   3,0
-- -- -- -- --
Routing table at router 2
 0,0    -1,inf  -1,inf  -1,inf
 3,51    1,0     3,52    3,50
 0,1     3,29    2,0     0,2
 0,1     0,26    0,2     3,0
-- -- -- -- --
Routing table at router 3
 0,0    -1,inf  -1,inf   3,1
 3,51    1,0     3,52    3,50
 0,1     3,29    2,0     0,2
 0,1     0,26    0,2     3,0
-- -- -- -- --
Routing table at router 4
 0,0     2,54    2,1    -1,inf
-1,inf   1,0    -1,inf  -1,inf
 0,1    -1,inf   2,0     0,2
 0,1     1,50    0,2     3,0
-- -- -- -- --

## ## ## ## ##

Round 17
Routing table at router 1
 0,0     2,30    2,1     3,1
-1,inf   1,0    -1,inf  -1,inf
-1,inf   3,29    2,0    -1,inf
-1,inf   1,50   -1,inf   3,0
-- -- -- -- --
Routing table at router 2
 0,0    -1,inf  -1,inf  -1,inf
 3,51    1,0     3,52    3,50
 0,1     3,29    2,0     0,2
 0,1    -1,inf   0,2     3,0
-- -- -- -- --
Routing table at router 3
 0,0    -1,inf  -1,inf   3,1
 3,51    1,0     3,52    3,50
 0,1     3,53    2,0     0,2
 0,1     1,50    0,2     3,0
-- -- -- -- --
Routing table at router 4
 0,0     2,30    2,1    -1,inf
-1,inf   1,0    -1,inf  -1,inf
 0,1    -1,inf   2,0     0,2
 0,1     0,31    0,2     3,0
-- -- -- -- --

## ## ## ## ##

Round 18
Routing table at router 1
 0,0     2,54    2,1     3,1
-1,inf   1,0    -1,inf  -1,inf
-1,inf   3,53    2,0    -1,inf
-1,inf  -1,inf  -1,inf   3,0
-- -- -- -- --
Routing table at router 2
 0,0    -1,inf  -1,inf  -1,inf
 3,51    1,0     3,52    3,50
 0,1     3,53    2,0     0,2
 0,1     0,31    0,2     3,0
-- -- -- -- --
Routing table at router 3
 0,0    -1,inf  -1,inf   3,1
 3,51    1,0     3,52    3,50
 0,1     3,34    2,0     0,2
 0,1     0,31    0,2     3,0
-- -- -- -- --
Routing table at router 4
 0,0     2,30    2,1    -1,inf
-1,inf   1,0    -1,inf  -1,inf
 0,1    -1,inf   2,0     0,2
 0,1     0,31    0,2     3,0
-- -- -- -- --

## ## ## ## ##

Round 19
Routing table at router 1
 0,0     2,35    2,1     3,1
-1,inf   1,0    -1,inf  -1,inf
-1,inf   3,34    2,0    -1,inf
-1,inf  -1,inf  -1,inf   3,0
-- -- -- -- --
Routing table at router 2
 0,0    -1,inf  -1,inf  -1,inf
 3,51    1,0     3,52    3,50
 0,1     3,34    2,0     0,2
 0,1     0,31    0,2     3,0
-- -- -- -- --
Routing table at router 3
 0,0    -1,inf  -1,inf   3,1
 3,51    1,0     3,52    3,50
 0,1     3,34    2,0     0,2
 0,1     0,31    0,2     3,0
-- -- -- -- --
Routing table at router 4
 0,0     2,54    2,1    -1,inf
-1,inf   1,0    -1,inf  -1,inf
 0,1    -1,inf   2,0     0,2
 0,1     1,50    0,2     3,0
-- -- -- -- --

## ## ## ## ##

Round 20
Routing table at router 1
 0,0     2,35    2,1     3,1
-1,inf   1,0    -1,inf  -1,inf
-1,inf   3,34    2,0    -1,inf
-1,inf   1,50   -1,inf   3,0
-- -- -- -- --
Routing table at router 2
 0,0    -1,inf  -1,inf  -1,inf
 3,51    1,0     3,52    3,50
 0,1     3,34    2,0     0,2
 0,1    -1,inf   0,2     3,0
-- -- -- -- --
Routing table at router 3
 0,0    -1,inf  -1,inf   3,1
 3,51    1,0     3,52    3,50
 0,1     3,53    2,0     0,2
 0,1     1,50    0,2     3,0
-- -- -- -- --
Routing table at router 4
 0,0     2,35    2,1    -1,inf
-1,inf   1,0    -1,inf  -1,inf
 0,1    -1,inf   2,0     0,2
 0,1     0,36    0,2     3,0
-- -- -- -- --

## ## ## ## ##

Round 21
Routing table at router 1
 0,0     2,54    2,1     3,1
-1,inf   1,0    -1,inf  -1,inf
-1,inf   3,53    2,0    -1,inf
-1,inf  -1,inf  -1,inf   3,0
-- -- -- -- --
Routing table at router 2
 0,0    -1,inf  -1,inf  -1,inf
 3,51    1,0     3,52    3,50
 0,1     3,53    2,0     0,2
 0,1     0,36    0,2     3,0
-- -- -- -- --
Routing table at router 3
 0,0    -1,inf  -1,inf   3,1
 3,51    1,0     3,52    3,50
 0,1     3,39    2,0     0,2
 0,1     0,36    0,2     3,0
-- -- -- -- --
Routing table at router 4
 0,0     2,35    2,1    -1,inf
-1,inf   1,0    -1,inf  -1,inf
 0,1    -1,inf   2,0     0,2
 0,1     0,36    0,2     3,0
-- -- -- -- --

## ## ## ## ##

Round 22
Routing table at router 1
 0,0     2,40    2,1     3,1
-1,inf   1,0    -1,inf  -1,inf
-1,inf   3,39    2,0    -1,inf
-1,inf  -1,inf  -1,inf   3,0
-- -- -- -- --
Routing table at router 2
 0,0    -1,inf  -1,inf  -1,inf
 3,51    1,0     3,52    3,50
 0,1     3,39    2,0     0,2
 0,1     0,36    0,2     3,0
-- -- -- -- --
Routing table at router 3
 0,0    -1,inf  -1,inf   3,1
 3,51    1,0     3,52    3,50
 0,1     3,39    2,0     0,2
 0,1     0,36    0,2     3,0
-- -- -- -- --
Routing table at router 4
 0,0     2,54    2,1    -1,inf
-1,inf   1,0    -1,inf  -1,inf
 0,1    -1,inf   2,0     0,2
 0,1     1,50    0,2     3,0
-- -- -- -- --

## ## ## ## ##

Round 23
Routing table at router 1
 0,0     2,40    2,1     3,1
-1,inf   1,0    -1,inf  -1,inf
-1,inf   3,39    2,0    -1,inf
-1,inf   1,50   -1,inf   3,0
-- -- -- -- --
Routing table at router 2
 0,0    -1,inf  -1,inf  -1,inf
 3,51    1,0     3,52    3,50
 0,1     3,39    2,0     0,2
 0,1    -1,inf   0,2     3,0
-- -- -- -- --
Routing table at router 3
 0,0    -1,inf  -1,inf   3,1
 3,51    1,0     3,52    3,50
 0,1     3,53    2,0     0,2
 0,1     1,50    0,2     3,0
-- -- -- -- --
Routing table at router 4
 0,0     2,40    2,1    -1,inf
-1,inf   1,0    -1,inf  -1,inf
 0,1    -1,inf   2,0     0,2
 0,1     0,41    0,2     3,0
-- -- -- -- --

## ## ## ## ##

Round 24
Routing table at router 1
 0,0     2,54    2,1     3,1
-1,inf   1,0    -1,inf  -1,inf
-1,inf   3,53    2,0    -1,inf
-1,inf  -1,inf  -1,inf   3,0
-- -- -- -- --
Routing table at router 2
 0,0    -1,inf  -1,inf  -1,inf
 3,51    1,0     3,52    3,50
 0,1     3,53    2,0     0,2
 0,1     0,41    0,2     3,0
-- -- -- -- --
Routing table at router 3
 0,0    -1,inf  -1,inf   3,1
 3,51    1,0     3,52    3,50
 0,1     3,44    2,0     0,2
 0,1     0,41    0,2     3,0
-- -- -- -- --
Routing table at router 4
 0,0     2,40    2,1    -1,inf
-1,inf   1,0    -1,inf  -1,inf
 0,1    -1,inf   2,0     0,2
 0,1     0,41    0,2     3,0
-- -- -- -- --

## ## ## ## ##

Round 25
Routing table at router 1
 0,0     2,45    2,1     3,1
-1,inf   1,0    -1,inf  -1,inf
-1,inf   3,44    2,0    -1,inf
-1,inf  -1,inf  -1,inf   3,0
-- -- -- -- --
Routing table at router 2
 0,0    -1,inf  -1,inf  -1,inf
 3,51    1,0     3,52    3,50
 0,1     3,44    2,0     0,2
 0,1     0,41    0,2     3,0
-- -- -- -- --
Routing table at router 3
 0,0    -1,inf  -1,inf   3,1
 3,51    1,0     3,52    3,50
 0,1     3,44    2,0     0,2
 0,1     0,41    0,2     3,0
-- -- -- -- --
Routing table at router 4
 0,0     2,54    2,1    -1,inf
-1,inf   1,0    -1,inf  -1,inf
 0,1    -1,inf   2,0     0,2
 0,1     1,50    0,2     3,0
-- -- -- -- --

## ## ## ## ##

Round 26
Routing table at router 1
 0,0     2,45    2,1     3,1
-1,inf   1,0    -1,inf  -1,inf
-1,inf   3,44    2,0    -1,inf
-1,inf   1,50   -1,inf   3,0
-- -- -- -- --
Routing table at router 2
 0,0    -1,inf  -1,inf  -1,inf
 3,51    1,0     3,52    3,50
 0,1     3,44    2,0     0,2
 0,1    -1,inf   0,2     3,0
-- -- -- -- --
Routing table at router 3
 0,0    -1,inf  -1,inf   3,1
 3,51    1,0     3,52    3,50
 0,1     3,53    2,0     0,2
 0,1     1,50    0,2     3,0
-- -- -- -- --
Routing table at router 4
 0,0     2,45    2,1    -1,inf
-1,inf   1,0    -1,inf  -1,inf
 0,1    -1,inf   2,0     0,2
 0,1     0,46    0,2     3,0
-- -- -- -- --

## ## ## ## ##

Round 27
Routing table at router 1
 0,0     2,54    2,1     3,1
-1,inf   1,0    -1,inf  -1,inf
-1,inf   3,53    2,0    -1,inf
-1,inf  -1,inf  -1,inf   3,0
-- -- -- -- --
Routing table at router 2
 0,0    -1,inf  -1,inf  -1,inf
 3,51    1,0     3,52    3,50
 0,1     3,53    2,0     0,2
 0,1     0,46    0,2     3,0
-- -- -- -- --
Routing table at router 3
 0,0    -1,inf  -1,inf   3,1
 3,51    1,0     3,52    3,50
 0,1     3,49    2,0     0,2
 0,1     0,46    0,2     3,0
-- -- -- -- --
Routing table at router 4
 0,0     2,45    2,1    -1,inf
-1,inf   1,0    -1,inf  -1,inf
 0,1    -1,inf   2,0     0,2
 0,1     0,46    0,2     3,0
-- -- -- -- --

## ## ## ## ##

Round 28
Routing table at router 1
 0,0     2,50    2,1     3,1
-1,inf   1,0    -1,inf  -1,inf
-1,inf   3,49    2,0    -1,inf
-1,inf  -1,inf  -1,inf   3,0
-- -- -- -- --
Routing table at router 2
 0,0    -1,inf  -1,inf  -1,inf
 3,51    1,0     3,52    3,50
 0,1     3,49    2,0     0,2
 0,1     0,46    0,2     3,0
-- -- -- -- --
Routing table at router 3
 0,0    -1,inf  -1,inf   3,1
 3,51    1,0     3,52    3,50
 0,1     3,49    2,0     0,2
 0,1     0,46    0,2     3,0
-- -- -- -- --
Routing table at router 4
 0,0     2,54    2,1    -1,inf
-1,inf   1,0    -1,inf  -1,inf
 0,1    -1,inf   2,0     0,2
 0,1     1,50    0,2     3,0
-- -- -- -- --

## ## ## ## ##

Round 29
Routing table at router 1
 0,0     2,50    2,1     3,1
-1,inf   1,0    -1,inf  -1,inf
-1,inf   3,49    2,0    -1,inf
-1,inf   1,50   -1,inf   3,0
-- -- -- -- --
Routing table at router 2
 0,0    -1,inf  -1,inf  -1,inf
 3,51    1,0     3,52    3,50
 0,1     3,49    2,0     0,2
 0,1    -1,inf   0,2     3,0
-- -- -- -- --
Routing table at router 3
 0,0    -1,inf  -1,inf   3,1
 3,51    1,0     3,52    3,50
 0,1     3,53    2,0     0,2
 0,1     1,50    0,2     3,0
-- -- -- -- --
Routing table at router 4
 0,0     2,50    2,1    -1,inf
-1,inf   1,0    -1,inf  -1,inf
 0,1    -1,inf   2,0     0,2
 0,1     1,50    0,2     3,0
-- -- -- -- --

## ## ## ## ##

Round 30
Routing table at router 1
 0,0     3,51    2,1     3,1
-1,inf   1,0    -1,inf  -1,inf
-1,inf   3,53    2,0    -1,inf
-1,inf   1,50   -1,inf   3,0
-- -- -- -- --
Routing table at router 2
 0,0    -1,inf  -1,inf  -1,inf
 3,51    1,0     3,52    3,50
 0,1     3,53    2,0     0,2
 0,1    -1,inf   0,2     3,0
-- -- -- -- --
Routing table at router 3
 0,0    -1,inf  -1,inf   3,1
 3,51    1,0     3,52    3,50
 0,1     3,53    2,0     0,2
 0,1     1,50    0,2     3,0
-- -- -- -- --
Routing table at router 4
 0,0     2,50    2,1    -1,inf
-1,inf   1,0    -1,inf  -1,inf
 0,1    -1,inf   2,0     0,2
 0,1     1,50    0,2     3,0
-- -- -- -- --

## ## ## ## ##

Round 31
Routing table at router 1
 0,0     3,51    2,1     3,1
-1,inf   1,0    -1,inf  -1,inf
-1,inf   3,53    2,0    -1,inf
-1,inf   1,50   -1,inf   3,0
-- -- -- -- --
Routing table at router 2
 0,0    -1,inf  -1,inf  -1,inf
 3,51    1,0     3,52    3,50
 0,1     3,53    2,0     0,2
 0,1    -1,inf   0,2     3,0
-- -- -- -- --
Routing table at router 3
 0,0     3,51   -1,inf   3,1
 3,51    1,0     3,52    3,50
 0,1     0,52    2,0     0,2
 0,1     1,50    0,2     3,0
-- -- -- -- --
Routing table at router 4
 0,0    -1,inf   2,1    -1,inf
-1,inf   1,0    -1,inf  -1,inf
 0,1    -1,inf   2,0     0,2
 0,1     1,50    0,2     3,0
-- -- -- -- --

## ## ## ## ##

Round 32
Routing table at router 1
 0,0     3,51    2,1     3,1
-1,inf   1,0    -1,inf  -1,inf
-1,inf  -1,inf   2,0    -1,inf
-1,inf   1,50   -1,inf   3,0
-- -- -- -- --
Routing table at router 2
 0,0    -1,inf  -1,inf  -1,inf
 3,51    1,0     3,52    3,50
 0,1     0,52    2,0     0,2
 0,1    -1,inf   0,2     3,0
-- -- -- -- --
Routing table at router 3
 0,0     3,51   -1,inf   3,1
 3,51    1,0     3,52    3,50
 0,1     0,52    2,0     0,2
 0,1     1,50    0,2     3,0
-- -- -- -- --
Routing table at router 4
 0,0    -1,inf   2,1    -1,inf
-1,inf   1,0    -1,inf  -1,inf
 0,1     0,52    2,0     0,2
 0,1     1,50    0,2     3,0
-- -- -- -- --

## ## ## ## ##

converge delay 31
